year,run,forecast,estimate,error
2017,early,6526,7401,-875
2018,early,5499,3067,2432
2019,early,3168,4131,-963
2020,early,4794,2472,2322
2021,early,4391,4142,249
2022,early,4272,2052,2220
2023,early,2914,1975,939
2024,early,2630,1365,1265
2017,late,33613,30734,2879
2018,late,21508,18364,3144
2019,late,21746,13360,8386
2020,late,22707,12226,10481
2021,late,18406,12794,5612
2022,late,16004,14078,1926
2023,late,13630,14537,-907
2024,late,13639,6930,6709
